%YAML:1.0
e_vectors: !!opencv-matrix
   rows: 20
   cols: 128
   dt: f
   data: [ 2.66373716e-02, 2.29496136e-02, 1.38970539e-02,
       8.76511354e-03, -8.42100382e-03, -2.91435532e-02, -1.54956859e-02,
       -7.35457893e-03, 1.39077172e-01, 3.40320878e-02, -1.83606856e-02,
       -5.36866412e-02, -1.10211000e-01, -3.29159312e-02, 1.44370478e-02,
       6.92098737e-02, -1.16409674e-01, -4.52674255e-02, -2.84663937e-03,
       1.23237008e-02, 4.05676477e-02, 4.57446873e-02, 3.51345055e-02,
       -7.32011441e-03, -4.05454934e-02, 1.80501491e-02, 2.98033468e-02,
       3.12742405e-02, 2.28392072e-02, 1.01340339e-02, 3.60173592e-03,
       -1.92602780e-02, 7.07559437e-02, 1.33707952e-02, -6.46209903e-03,
       -8.57860129e-03, -1.26125133e-02, -3.23886871e-02,
       -3.00239474e-02, -8.15117359e-03, 2.89607704e-01, 1.64028499e-02,
       -1.12498716e-01, -2.06525102e-01, -2.41273358e-01,
       -6.68756887e-02, 5.48256151e-02, 1.89343929e-01, -2.61579722e-01,
       -1.74100518e-01, -5.76456375e-02, 3.63005288e-02, 1.54384851e-01,
       1.58151433e-01, 1.12587318e-01, 1.15329996e-02, -8.56084675e-02,
       2.25132648e-02, 4.35271710e-02, 4.06360403e-02, 3.32131162e-02,
       3.20275575e-02, 2.95045152e-02, 4.15739324e-03, 7.08214045e-02,
       2.04029679e-03, -2.56921630e-02, -3.15751992e-02, -1.33350268e-02,
       -3.78539227e-03, -9.01351962e-03, 1.06000202e-03, 2.91820377e-01,
       1.95343256e-01, 5.82927577e-02, -6.11544922e-02, -2.37513304e-01,
       -2.11980686e-01, -1.18768066e-01, 9.52860061e-03, -2.61874557e-01,
       1.23279570e-02, 1.14360005e-01, 1.61459148e-01, 1.54630736e-01,
       2.97026765e-02, -5.87214306e-02, -1.74495831e-01, -8.35974216e-02,
       3.56766139e-03, 2.57615093e-02, 2.71905474e-02, 3.39531675e-02,
       4.28175740e-02, 4.25364450e-02, 1.85374189e-02, 2.38172077e-02,
       -8.19215458e-03, -1.77419558e-02, -2.92415861e-02,
       -5.27317170e-03, 1.77554991e-02, 1.71120185e-02, 1.61449518e-02,
       1.41441062e-01, 7.35980794e-02, 1.38476910e-02, -3.16764340e-02,
       -1.08194865e-01, -5.22439927e-02, -1.78805590e-02, 3.24287638e-02,
       -1.11989707e-01, -4.66030929e-03, 3.89062539e-02, 4.68906872e-02,
       3.95629071e-02, 7.72171468e-03, -7.07161846e-03, -4.30586450e-02,
       -3.79846729e-02, -1.60998739e-02, 5.54734329e-03, 8.20179936e-03,
       1.96135379e-02, 2.85172984e-02, 2.47588865e-02, 1.45154633e-02,
       1.94529798e-02, -1.58939995e-02, -4.99185100e-02, -4.35347930e-02,
       7.94356165e-04, -1.38930809e-02, -2.65971031e-02, -2.22372673e-02,
       2.75295764e-01, 2.53611449e-02, -9.73363519e-02, -8.01561400e-02,
       -8.76990089e-04, -3.10218967e-02, -5.02038673e-02, 7.45063461e-03,
       3.59661013e-01, 1.50301242e-02, -9.34038460e-02, -7.08625987e-02,
       -4.55770940e-02, -6.05990291e-02, -6.24221042e-02, 3.25848944e-02,
       4.93415967e-02, -3.50372940e-02, -5.06753437e-02, -3.97178531e-02,
       -1.95832346e-02, -3.53131592e-02, -4.26359177e-02,
       -1.94119532e-02, 1.26841441e-02, -2.20966544e-02, -5.75530753e-02,
       -8.06750432e-02, -4.82077487e-02, -3.23385447e-02,
       -2.15563383e-02, -1.74285546e-02, 1.81823656e-01, -1.81468762e-02,
       -1.26442239e-01, -1.46998316e-01, -8.44136626e-02,
       -5.32028489e-02, -5.97994365e-02, -3.44237201e-02, 2.33890653e-01,
       -4.73762043e-02, -1.16353095e-01, -9.24975127e-02,
       -1.08094119e-01, -1.15063891e-01, -8.42109174e-02,
       -2.33430862e-02, 3.79991233e-02, -4.04407792e-02, -4.56282236e-02,
       -4.94641848e-02, -5.25526777e-02, -5.98533526e-02,
       -4.89298441e-02, -3.85247357e-02, 1.22933155e-02, -1.11912582e-02,
       -1.97656229e-02, -3.78663130e-02, -4.85996380e-02,
       -7.30704740e-02, -5.94544113e-02, -2.89688855e-02, 1.81943089e-01,
       -3.12597118e-02, -6.07180558e-02, -5.36464639e-02,
       -8.46852735e-02, -1.51139840e-01, -1.26918331e-01,
       -2.04460789e-02, 2.33010814e-01, -2.26689894e-02, -8.64616930e-02,
       -1.17201075e-01, -1.06542923e-01, -9.42621157e-02,
       -1.13135703e-01, -4.51863520e-02, 3.94386053e-02, -3.96279246e-02,
       -5.53056188e-02, -6.76854625e-02, -5.25586866e-02,
       -4.70384546e-02, -4.29811142e-02, -4.05011028e-02, 1.82409976e-02,
       -2.02486943e-02, -2.88477913e-02, -1.94792468e-02, 1.59468525e-03,
       -3.50445136e-02, -4.53487150e-02, -1.99622847e-02, 2.74956554e-01,
       1.02492934e-02, -5.00886999e-02, -3.06051858e-02, 4.60064417e-04,
       -8.04355815e-02, -9.42403525e-02, 2.41205152e-02, 3.61265779e-01,
       4.33332250e-02, -5.98838851e-02, -5.83333597e-02, -4.34342325e-02,
       -7.57989287e-02, -1.00275666e-01, 1.39200976e-02, 5.26182167e-02,
       -1.18495831e-02, -3.69930379e-02, -3.55000310e-02,
       -2.11492516e-02, -4.36053090e-02, -5.76527864e-02,
       -3.78175974e-02, -2.72039305e-02, 9.95413288e-02, 1.36846989e-01,
       2.77378149e-02, -1.22003302e-01, -3.18920612e-02, 3.03538353e-03,
       -1.38677182e-02, 1.20485143e-03, 1.79518163e-01, 1.49329111e-01,
       -2.17659753e-02, -2.43287891e-01, -7.21524432e-02,
       -1.21427123e-02, -2.01675035e-02, -9.46396813e-02, 1.06919304e-01,
       7.05116838e-02, -1.64558012e-02, -1.19068637e-01, -4.44572344e-02,
       8.00709648e-04, -1.69499647e-02, -2.57700961e-02, 1.75501183e-02,
       1.85765717e-02, -3.12952809e-02, -1.02962017e-01, -2.23386008e-02,
       2.62690037e-02, 2.19397526e-02, -4.48750444e-02, 6.41206279e-02,
       1.24544404e-01, 3.86370569e-02, -1.26453131e-01, 3.54181905e-03,
       3.77440713e-02, 1.05733122e-03, 2.68620364e-02, 1.80749059e-01,
       1.66695192e-01, -3.24043334e-02, -2.64263391e-01, -4.88369353e-02,
       1.16998730e-02, 6.63231965e-03, 4.28425744e-02, 1.66938484e-01,
       8.16735551e-02, -5.46212122e-02, -1.87338725e-01, -8.19207579e-02,
       1.66757628e-02, 5.25884628e-02, 1.25091122e-02, 3.01777218e-02,
       1.86515767e-02, -5.09609058e-02, -1.48136035e-01, -3.87691297e-02,
       4.03891578e-02, 3.63737084e-02, -4.21080813e-02, 1.02802389e-03,
       3.03578749e-02, -1.09552769e-02, -1.27080515e-01, 5.15894145e-02,
       1.23334527e-01, 6.27860948e-02, 3.31468545e-02, 4.60219802e-04,
       1.63820595e-03, -6.34964556e-02, -2.63304919e-01, -1.39778592e-02,
       1.69630706e-01, 1.75973952e-01, 5.50776348e-02, 3.70014310e-02,
       -1.49992888e-03, -9.62654948e-02, -1.85947418e-01,
       -3.83506231e-02, 9.34517756e-02, 1.69394463e-01, 1.04394555e-02,
       3.00172493e-02, 3.11627295e-02, -4.96246666e-02, -1.45459086e-01,
       -3.76724526e-02, 2.12198384e-02, 3.31293084e-02, -1.97533108e-02,
       -8.14953726e-03, 1.03413570e-03, -3.51541340e-02, -1.15124904e-01,
       3.04563846e-02, 1.19880050e-01, 8.76097754e-02, 3.06000076e-02,
       -1.16206743e-02, -1.38460798e-02, -7.19693452e-02,
       -2.40220174e-01, -2.21502855e-02, 1.30900726e-01, 1.64721504e-01,
       -7.64208660e-02, -1.71802230e-02, -6.82347082e-03,
       -4.79516797e-02, -1.18450701e-01, -1.92324072e-02, 6.43201843e-02,
       9.74786505e-02, -3.21241096e-02, 1.53323878e-02, 2.11978927e-02,
       -2.59528942e-02, -9.80323926e-02, -2.62829773e-02, 1.60263777e-02,
       1.30918799e-02, 1.63062252e-02, -3.86811644e-02, -6.62590116e-02,
       -3.49812233e-03, 9.90120023e-02, 7.48062208e-02, 4.73106373e-03,
       1.52402907e-03, 2.19470128e-01, -2.85956869e-03, -1.10606916e-01,
       -5.22201434e-02, 8.54447708e-02, 4.11263742e-02, -1.40523361e-02,
       4.81834449e-02, 2.98474818e-01, 2.97830682e-02, -8.98358598e-02,
       -4.86826375e-02, 6.95503503e-03, -1.35334097e-02, -2.25197896e-02,
       6.53434396e-02, 6.05564490e-02, -1.02434922e-02, -3.69794853e-02,
       -6.72938908e-03, 1.73413903e-02, -7.45867728e-04, -1.14450501e-02,
       6.62376126e-03, 2.93336399e-02, -6.40424863e-02, -1.45767033e-01,
       -1.18103810e-01, 5.81825972e-02, 1.37311071e-01, 7.74038285e-02,
       3.48960385e-02, 1.45627826e-01, -8.98182467e-02, -2.38721937e-01,
