%YAML:1.0
e_vectors: !!opencv-matrix
   rows: 10
   cols: 128
   dt: f
   data: [ -2.89813094e-02, -3.21143605e-02, -3.47534902e-02,
       -2.48451456e-02, 7.62267690e-03, 1.61686763e-02, -4.49300976e-03,
       -9.69677232e-03, 1.01305291e-01, 1.06340379e-03, -3.12741175e-02,
       -1.60217099e-02, 6.01600483e-03, -6.09690929e-03, -3.24704982e-02,
       -6.03633039e-02, 3.41014713e-01, 6.31594285e-02, -3.80087644e-02,
       -4.49617952e-02, -1.03713095e-01, -7.37924650e-02,
       -6.29113093e-02, 7.41652586e-03, 4.74812724e-02, -2.64829211e-02,
       -4.10657935e-02, -3.88946868e-02, -3.41692716e-02,
       -2.31148172e-02, -3.26444656e-02, -1.22794909e-02,
       -6.86179027e-02, -2.73466688e-02, -3.00216489e-02,
       -2.83813141e-02, -1.04576005e-02, 8.52857064e-03, 3.88972601e-03,
       -7.68766692e-03, -4.28422578e-02, -1.91362929e-02,
       -2.95517873e-03, 2.92368308e-02, 5.58477491e-02, 2.53019226e-03,
       -7.51097128e-02, -1.71159744e-01, 3.74123573e-01, 9.98303592e-02,
       -2.99107786e-02, -8.12913179e-02, -2.11832151e-01,
       -1.90031484e-01, -1.28683746e-01, -2.99022757e-02, 8.53158012e-02,
       -2.40165927e-02, -5.16429916e-02, -5.04577905e-02,
       -5.74316159e-02, -5.07093892e-02, -5.54083772e-02,
       -2.84234062e-02, -7.01535121e-02, -7.77957728e-03, 7.02038733e-03,
       3.28373571e-04, -1.22989053e-02, -2.59775463e-02, -2.74225101e-02,
       -2.24210359e-02, -4.79640551e-02, -1.79613277e-01,
       -7.94834346e-02, 7.04917300e-04, 5.27283587e-02, 3.37682962e-02,
       6.43937197e-03, -1.05915144e-02, 3.74565750e-01, -3.73150185e-02,
       -1.35205656e-01, -1.83730379e-01, -2.01571450e-01,
       -8.77778158e-02, -3.25357318e-02, 1.06717311e-01, 8.51868093e-02,
       -2.91652568e-02, -5.54711968e-02, -4.75877337e-02,
       -5.31639010e-02, -5.86809292e-02, -5.30169979e-02,
       -2.15776321e-02, -2.28089727e-02, -9.06863902e-03,
       -4.90433211e-03, 6.04023552e-03, -1.18039863e-03, -2.39279140e-02,
       -3.74763981e-02, -2.53532324e-02, 1.03242606e-01, -5.54537475e-02,
       -3.95830311e-02, -8.78082681e-03, 1.20096942e-02, -1.51958046e-02,
       -3.11711580e-02, 6.47729635e-03, 3.37102383e-01, -3.30509247e-05,
       -7.21544176e-02, -6.89925402e-02, -9.30781960e-02,
       -4.93724421e-02, -3.92819233e-02, 6.82379305e-02, 4.80292104e-02,
       -1.32598430e-02, -3.72017547e-02, -2.01194752e-02,
       -2.65295226e-02, -4.04058248e-02, -4.16653194e-02,
       -2.16191076e-02, 3.18593234e-02, -1.45964054e-02, -4.21549901e-02,
       -4.34259549e-02, -4.40002605e-02, -5.94588332e-02,
       -5.38889468e-02, -2.71088313e-02, 3.28710556e-01, 4.16710833e-03,
       -7.00028390e-02, -9.31407437e-02, -1.05730623e-01,
       -6.52525425e-02, -4.80174609e-02, 4.51992974e-02, 1.22376531e-01,
       -4.43012305e-02, -4.00463194e-02, -2.54945569e-02, 2.03722175e-02,
       -1.61084440e-02, -5.22800498e-02, -5.54652102e-02,
       -1.37858512e-02, -1.87907945e-02, -1.01736570e-02,
       -6.63076667e-03, -2.61039510e-02, -5.75933494e-02,
       -6.91000223e-02, -5.07967882e-02, 6.24524243e-02, -3.90283801e-02,
       -6.48914129e-02, -6.85841590e-02, -6.12499602e-02,
       -6.72530085e-02, -4.91217859e-02, -2.75788177e-02, 3.58558655e-01,
       -2.13725120e-02, -1.13443352e-01, -1.67181388e-01,
       -1.90940693e-01, -9.74274874e-02, -1.72102265e-02, 1.15589745e-01,
       -3.00344955e-02, -1.30425468e-01, -5.15085198e-02, 1.20097783e-03,
       8.65796208e-02, 6.13847114e-02, 8.53846781e-03, -5.37098497e-02,
       -3.97416614e-02, -1.65295266e-02, -7.49262888e-03,
       -2.53456403e-02, -4.31698523e-02, -5.73627837e-02,
       -4.66548279e-02, -4.11687680e-02, 5.45380227e-02, -2.31582560e-02,
       -4.95803840e-02, -6.27027750e-02, -5.56497313e-02,
       -7.49532357e-02, -6.49129972e-02, -4.30343039e-02, 3.64730090e-01,
       1.12354122e-01, -1.78804509e-02, -8.86859372e-02, -1.86203867e-01,
       -1.73907429e-01, -1.29545793e-01, -2.68949457e-02,
       -2.07159873e-02, -5.50430790e-02, -1.42649678e-03, 5.69970459e-02,
       8.29336941e-02, 7.74458610e-03, -5.31495772e-02, -1.25940949e-01,
       -2.91541126e-02, -4.43622656e-02, -6.19552583e-02,
       -5.99938519e-02, -3.88384126e-02, -9.46805347e-03,
       -5.60715841e-03, -1.30885504e-02, 3.19607332e-02, -3.10918484e-02,
       -5.37804253e-02, -4.83629517e-02, -2.88115218e-02,
       -4.46122363e-02, -4.46833335e-02, -9.09824390e-03, 3.37774456e-01,
       3.48092169e-02, -5.55756614e-02, -7.46222958e-02, -1.02013633e-01,
       -9.30024385e-02, -7.61700943e-02, 3.35787199e-02, 1.37058735e-01,
       -6.45695776e-02, -5.07005230e-02, -9.71274823e-03, 2.81206314e-02,
       -1.59381516e-02, -4.07525823e-02, -2.43026782e-02,
       -6.69906149e-03, -5.38549498e-02, -6.10936619e-02,
       -3.75910588e-02, -1.40984217e-02, 2.89042993e-03, -1.76718477e-02,
       -1.85048264e-02, 5.44757247e-02, 1.75652523e-02, -2.41758395e-02,
       -3.17590614e-03, 1.41005171e-02, 5.55114727e-03, -1.53987315e-02,
       8.74515914e-04, 2.96010762e-01, 5.64478226e-02, -3.08910105e-02,
       -2.36839373e-02, -2.60634571e-02, -2.92810630e-02,
       -5.46245798e-02, 5.91508150e-02, 1.89128920e-01, 5.78887342e-03,
       -2.76317690e-02, 2.07180772e-02, 7.55270272e-02, -2.02642735e-02,
       -5.65087013e-02, 9.25110374e-03, 9.30094812e-03, -1.90683864e-02,
       -1.28011769e-02, 4.20448370e-02, 7.00369850e-02, -1.51411537e-03,
       -3.50783616e-02, -2.07983814e-02, 3.86206247e-02, -2.49556906e-04,
       -2.63565090e-02, -7.80294370e-03, 8.85996409e-03, -2.27380195e-03,
       -1.42755397e-02, -6.85526000e-04, 6.99744448e-02, 7.64956996e-02,
       7.42846215e-03, 9.38984472e-03, -1.67307705e-02, -6.24019504e-02,
       -1.63191766e-01, -1.43629715e-01, 1.41035020e-01, 4.08498049e-02,
       8.40297714e-02, 1.43132195e-01, 4.16699052e-02, -2.24218965e-01,
       -2.45251715e-01, -9.19449478e-02, 1.50636118e-02, 1.39820660e-02,
       7.33679384e-02, 1.10414706e-01, 5.10855727e-02, -1.08398661e-01,
       -1.64284438e-01, -4.96714897e-02, -4.24919613e-02, 5.64571610e-03,
       6.61180075e-03, -3.14914621e-04, -1.95252653e-02, -1.69889512e-03,
       4.85208351e-03, 2.68028514e-03, -5.42792715e-02, 1.79646835e-01,
       1.69641644e-01, 4.78153564e-02, -2.50335317e-02, -2.49024332e-02,
       -1.70316603e-02, -7.39714280e-02, -1.31325051e-01, 1.37563214e-01,
       2.73562938e-01, 2.05150127e-01, -6.35697916e-02, -1.79237455e-01,
       -1.14913106e-01, -5.92467599e-02, -5.60580706e-03, 8.50839913e-02,
       1.61256954e-01, 1.00004122e-01, -5.62319010e-02, -1.54489487e-01,
       -1.20368958e-01, -1.75251141e-02, -4.94650789e-02,
       -5.54438354e-03, 5.32731460e-03, 1.41844980e-03, -1.91380344e-02,
       1.60717056e-03, 1.09230645e-03, -4.34334436e-03, -3.01329136e-01,
       -3.03146448e-02, 5.35276793e-02, 3.29255201e-02, 1.19555356e-04,
       2.27531455e-02, 2.43275911e-02, -5.65121137e-02, -1.88170031e-01,
       3.73089090e-02, 9.09042656e-02, 1.88895650e-02, -8.99943039e-02,
       -3.34238708e-02, 1.26422876e-02, -2.10539568e-02, 1.49212005e-02,
       5.94664887e-02, 5.44434898e-02, 8.87489226e-03, -8.13752338e-02,
       -7.15564638e-02, -6.50647515e-03, 1.54022397e-02, 4.11483757e-02,
       -3.02214175e-02, -6.14601448e-02, -1.34723280e-02, 8.48004222e-02,
       4.26497981e-02, -5.90707501e-03, 1.47271040e-03, 6.99111670e-02,
       -6.20194562e-02, -6.29816875e-02, 2.81378943e-02, 1.40493423e-01,
       4.42363359e-02, -3.15527283e-02, -2.18230449e-02, 4.27564122e-02,
       -2.59223431e-02, -2.92646233e-02, 3.62312347e-02, 2.14988828e-01,
       5.42419665e-02, -8.77854899e-02, -9.41026956e-02, 6.86783120e-02,
       1.75545539e-03, -1.39899123e-02, 1.91486217e-02, 1.17140755e-01,
       -7.90392980e-03, -9.95456055e-02, -4.60492186e-02, 4.61862013e-02,
       -3.13288160e-02, -7.50984997e-02, -2.43941098e-02, 1.23992980e-01,
       3.65219191e-02, -5.75561589e-03, 1.34179171e-03, -3.85572128e-02,
