%YAML:1.0
e_vectors: !!opencv-matrix
   rows: 28
   cols: 128
   dt: f
   data: [ 3.29172574e-02, 3.50615792e-02, 1.69085637e-02,
       5.77257900e-03, -1.52269583e-02, -2.69934945e-02, -1.51609685e-02,
       -5.06583042e-03, 1.74995333e-01, 5.53774089e-02, -2.08512675e-02,
       -6.29193857e-02, -1.24309361e-01, -4.00412157e-02, 5.53832809e-03,
       6.71321824e-02, -1.08928531e-01, -4.40142974e-02, -8.21515732e-03,
       1.27906697e-02, 4.60007153e-02, 4.22831513e-02, 2.68831681e-02,
       -1.41968317e-02, -4.08662707e-02, 1.64157320e-02, 2.72763874e-02,
       2.66923103e-02, 1.45355919e-02, 7.50386855e-03, 1.22565764e-03,
       -2.06257403e-02, 7.10080788e-02, 1.93259604e-02, -1.04261539e-03,
       -7.28589995e-03, -1.75452214e-02, -2.72850133e-02,
       -2.70742569e-02, -8.98738950e-03, 3.11851680e-01, 3.15885358e-02,
       -1.07539676e-01, -2.06126735e-01, -2.56657541e-01,
       -7.50821903e-02, 3.49870846e-02, 1.67657107e-01, -2.47236356e-01,
       -1.71309561e-01, -5.94857447e-02, 3.37631591e-02, 1.42061129e-01,
       1.35291785e-01, 8.87185112e-02, -2.21225462e-04, -8.29370022e-02,
       2.09594164e-02, 3.94833945e-02, 3.15608978e-02, 1.94978658e-02,
       2.20202189e-02, 2.05721334e-02, -2.23651086e-03, 7.12695718e-02,
       -1.32920395e-03, -2.40867659e-02, -3.00028175e-02,
       -1.73459314e-02, 1.14974496e-03, -1.73705129e-03, 9.57525987e-03,
       3.11976075e-01, 1.71387687e-01, 3.77977863e-02, -7.36409426e-02,
       -2.55366057e-01, -2.09353298e-01, -1.10957704e-01, 2.87924726e-02,
       -2.48250380e-01, -8.39125831e-04, 8.92689899e-02, 1.36483341e-01,
       1.42133608e-01, 3.01363282e-02, -5.79016060e-02, -1.67471096e-01,
       -8.29344988e-02, -9.49761830e-04, 1.88099612e-02, 1.66392066e-02,
       2.05455720e-02, 3.69243547e-02, 3.74461785e-02, 1.44468853e-02,
       3.08806207e-02, -7.29815150e-03, -1.86390486e-02, -2.97039393e-02,
       -9.46822669e-03, 1.68044586e-02, 2.08227281e-02, 2.90936064e-02,
       1.75165191e-01, 6.95487186e-02, 5.61965117e-03, -4.17868085e-02,
       -1.24714650e-01, -5.98335378e-02, -2.09156834e-02, 5.30475490e-02,
       -1.08452685e-01, -1.16157597e-02, 2.85806451e-02, 4.20154035e-02,
       4.40561660e-02, 1.07617257e-02, -1.26730427e-02, -4.55667973e-02,
       -4.25095856e-02, -1.88854523e-02, 3.79450317e-03, 8.51793773e-03,
       1.48892347e-02, 2.66467333e-02, 2.04263330e-02, 1.00677237e-02,
       2.94515863e-02, -2.40830239e-02, -6.41585812e-02, -5.04944697e-02,
       6.47438411e-03, -1.23187657e-02, -2.60724574e-02, -1.91439465e-02,
       2.69664407e-01, 1.19951917e-02, -1.04563370e-01, -8.35057423e-02,
       -2.90409243e-03, -3.08371596e-02, -4.94054481e-02, 8.19219928e-03,
       3.60372633e-01, 8.99075251e-03, -9.66562629e-02, -7.60949254e-02,
       -5.33495620e-02, -6.49423227e-02, -6.47536665e-02, 3.96680087e-02,
       6.08028583e-02, -3.65744829e-02, -5.93145974e-02, -4.53928709e-02,
       -1.73243210e-02, -3.55828628e-02, -4.38349694e-02,
       -1.34747308e-02, 2.65373588e-02, -2.63249464e-02, -6.98560253e-02,
       -8.55862647e-02, -3.75237130e-02, -3.34859155e-02,
       -2.33038366e-02, -1.26863876e-02, 1.63187176e-01, -2.75053941e-02,
       -1.18108958e-01, -1.25918716e-01, -6.06540889e-02,
       -4.70058545e-02, -5.80046177e-02, -3.91938798e-02, 2.52554595e-01,
       -3.27727869e-02, -1.06300920e-01, -9.23003405e-02,
       -1.11813180e-01, -1.22035339e-01, -9.16384682e-02,
       -1.78007782e-02, 5.70289157e-02, -3.67467552e-02, -5.32718822e-02,
       -5.60909249e-02, -4.65566553e-02, -6.31898865e-02,
       -5.87988645e-02, -3.60711925e-02, 2.57976670e-02, -6.00194419e-03,
       -2.20813155e-02, -3.88641804e-02, -3.67522538e-02,
       -7.67860934e-02, -6.91985264e-02, -3.21244113e-02, 1.63039953e-01,
       -3.74386385e-02, -5.95073812e-02, -4.82191294e-02,
       -6.07258901e-02, -1.28663614e-01, -1.16647169e-01,
       -2.63788253e-02, 2.51447082e-01, -2.09049974e-02, -9.41077918e-02,
       -1.23062626e-01, -1.09661289e-01, -9.30774510e-02,
       -1.01791658e-01, -2.79553365e-02, 5.58745973e-02, -3.54235657e-02,
       -6.20386079e-02, -6.93149716e-02, -4.53221314e-02,
       -5.34881614e-02, -5.19375354e-02, -3.96193787e-02, 2.80412193e-02,
       -1.66019369e-02, -2.85471063e-02, -1.93656236e-02, 6.14928640e-03,
       -4.06863056e-02, -5.87571710e-02, -2.49728896e-02, 2.66076595e-01,
       9.95859597e-03, -5.02660796e-02, -3.30864303e-02, -2.89243693e-03,
       -7.98659995e-02, -9.99779552e-02, 1.35250362e-02, 3.57769102e-01,
       4.24696393e-02, -6.48115128e-02, -6.39023706e-02, -5.09071685e-02,
       -7.91056305e-02, -1.02270924e-01, 8.89245514e-03, 5.89440763e-02,
       -1.14732599e-02, -4.11590673e-02, -3.43417712e-02,
       -1.59656201e-02, -4.77640294e-02, -6.35326579e-02,
       -4.02172133e-02, 4.71362472e-02, -9.05686691e-02, -1.26283631e-01,
       -2.21603531e-02, 1.32996097e-01, 2.99647730e-02, -1.25831943e-02,
       8.06226395e-03, 2.39519496e-02, -1.50392383e-01, -1.29263788e-01,
       1.18833361e-02, 2.15301007e-01, 6.27304241e-02, -2.97692692e-04,
       7.86480587e-03, 6.14345744e-02, -9.11822841e-02, -6.14054911e-02,
       1.45604620e-02, 1.31001040e-01, 4.47006598e-02, -1.15250424e-02,
       -1.25975134e-02, -5.41291758e-03, -2.15966497e-02,
       -1.65556557e-02, 4.54719402e-02, 1.56746030e-01, 3.32837366e-02,
       -4.30020876e-02, -5.52242324e-02, 6.55367598e-02, -6.26819432e-02,
       -1.21284395e-01, -3.05804014e-02, 1.47195220e-01, -1.02775206e-03,
       -4.39737774e-02, -3.39185027e-03, -1.39466831e-02,
       -1.59208938e-01, -1.46184668e-01, 2.26747505e-02, 2.45919630e-01,
       4.11148705e-02, -2.19760537e-02, -1.84090920e-02, -6.30378500e-02,
       -1.39913619e-01, -6.78517967e-02, 5.17917462e-02, 2.00632066e-01,
       7.72438496e-02, -2.57468540e-02, -7.10521787e-02, -4.84429337e-02,
       -3.74729671e-02, -1.82971265e-02, 6.74863309e-02, 2.14941278e-01,
       5.50270714e-02, -5.02839573e-02, -6.46063536e-02, 6.59148172e-02,
       -4.03573317e-03, -3.85763571e-02, 1.02575999e-02, 1.47108436e-01,
       -4.28518988e-02, -1.23422630e-01, -5.83960339e-02,
       -1.67428199e-02, -1.99162550e-02, -1.82695054e-02, 5.22563644e-02,
       2.44612440e-01, 1.17350360e-02, -1.45864353e-01, -1.50702506e-01,
       -6.71999156e-02, -7.03062266e-02, -1.97709892e-02, 8.49807188e-02,
       1.98858380e-01, 4.51826379e-02, -6.90812021e-02, -1.36627555e-01,
       -4.90627922e-02, -6.01217151e-02, -4.81462739e-02, 5.80224693e-02,
       2.11189002e-01, 6.23187162e-02, -1.85721815e-02, -4.16047797e-02,
       4.80368175e-02, 5.78919146e-03, -1.20872119e-02, 3.06844991e-02,
       1.28854930e-01, -2.59786807e-02, -1.17750071e-01, -7.97861367e-02,
       1.51443752e-02, 3.22179840e-05, -6.67901535e-04, 6.26088753e-02,
       2.13532612e-01, 9.08573158e-03, -1.20301642e-01, -1.34755239e-01,
       5.32439314e-02, -1.82203166e-02, -1.09144915e-02, 4.78245318e-02,
       1.31750062e-01, 1.72472447e-02, -6.14543147e-02, -8.43666643e-02,
       -4.18090308e-03, -5.26617877e-02, -4.48600166e-02, 3.11802737e-02,
       1.53549522e-01, 4.45928797e-02, -1.58287250e-02, -2.29357053e-02,
       1.56308338e-01, 7.24438503e-02, -1.29151866e-02, -1.16998613e-01,
       -2.14854613e-01, -4.09997031e-02, 2.86375619e-02, 7.40696788e-02,
       1.29278684e-02, 2.14872742e-03, -6.01742342e-02, -7.74792209e-02,
       -4.22367267e-02, 3.74078006e-02, 5.15935719e-02, 4.57056724e-02,
       1.89961866e-02, -2.20792349e-02, -5.82045987e-02, -2.86992658e-02,
       3.42602208e-02, 5.46968766e-02, 4.57876325e-02, 3.24747190e-02,
       -5.26145585e-02, -4.81948406e-02, -3.38207707e-02, 2.56741587e-02,
       1.56524271e-01, 8.91438127e-02, 2.25428715e-02, -1.82415750e-02,
       2.10623384e-01, 1.11152045e-01, 1.12967659e-02, -1.56372756e-01,
       -3.24944139e-01, -9.37023088e-02, 3.57244313e-02, 1.02674581e-01,
       -7.32080340e-02, 4.68990318e-02, 2.86126528e-02, 9.17971693e-03,
