%YAML:1.0
e_vectors: !!opencv-matrix
   rows: 28
   cols: 128
   dt: f
   data: [ 2.41827108e-02, 1.79776270e-02, 1.33303516e-02,
       1.07617509e-02, -7.78015284e-03, -2.91053094e-02, -1.41807534e-02,
       -7.49564264e-03, 1.28044307e-01, 2.66099051e-02, -1.86542440e-02,
       -5.21654375e-02, -1.09297246e-01, -2.88708135e-02, 1.77406948e-02,
       6.90438375e-02, -1.18099742e-01, -4.56997156e-02, -2.59493967e-03,
       1.22358985e-02, 4.02523689e-02, 4.74473424e-02, 3.75327058e-02,
       -5.34498459e-03, -3.43404189e-02, 1.96309388e-02, 2.94245742e-02,
       3.18942703e-02, 2.41093766e-02, 8.94165691e-03, 2.91643501e-03,
       -1.77114904e-02, 7.13897422e-02, 1.05996085e-02, -7.71647692e-03,
       -8.61894805e-03, -1.21519966e-02, -3.31392996e-02,
       -2.86599696e-02, -7.50226760e-03, 2.82806396e-01, 1.14352489e-02,
       -1.13924555e-01, -2.07650557e-01, -2.37020165e-01,
       -6.22500889e-02, 6.18595481e-02, 1.92689419e-01, -2.64637440e-01,
       -1.74824476e-01, -5.79908863e-02, 3.75643298e-02, 1.60544872e-01,
       1.66434467e-01, 1.18529625e-01, 1.34643344e-02, -7.94052705e-02,
       2.36730929e-02, 4.42180783e-02, 4.33281325e-02, 3.66383009e-02,
       3.45057771e-02, 3.08148209e-02, 6.81436853e-03, 7.15287253e-02,
       1.85109884e-03, -2.58445293e-02, -3.34695429e-02, -1.24152312e-02,
       -4.45430726e-03, -1.01323435e-02, -5.82084758e-04, 2.84442008e-01,
       1.99405938e-01, 6.43010885e-02, -5.79702742e-02, -2.33673289e-01,
       -2.10000098e-01, -1.20393857e-01, 4.24782094e-03, -2.65876114e-01,
       1.46781215e-02, 1.20449588e-01, 1.70542285e-01, 1.60217896e-01,
       3.12374365e-02, -5.87308481e-02, -1.73955798e-01, -7.86974207e-02,
       5.10471873e-03, 2.79892292e-02, 3.07362024e-02, 3.77165526e-02,
       4.51349504e-02, 4.39057946e-02, 2.16682106e-02, 2.22326592e-02,
       -8.42489023e-03, -1.67249497e-02, -2.84742247e-02,
       -3.80246458e-03, 1.73331033e-02, 1.57060362e-02, 1.18841780e-02,
       1.29349902e-01, 7.44603500e-02, 1.69809740e-02, -2.74220593e-02,
       -1.05559789e-01, -5.06581403e-02, -1.83097981e-02, 2.63724755e-02,
       -1.13479011e-01, -1.66801165e-03, 4.17850241e-02, 4.90877517e-02,
       3.90780568e-02, 6.89636217e-03, -6.26258086e-03, -4.02349085e-02,
       -3.44241001e-02, -1.51926093e-02, 5.98020852e-03, 9.49482620e-03,
       2.10944675e-02, 2.90633384e-02, 2.61924807e-02, 1.64232608e-02,
       1.52486619e-02, -1.56177189e-02, -4.75608185e-02, -4.20025252e-02,
       2.52112281e-03, -1.31008076e-02, -2.79917698e-02, -2.52916105e-02,
       2.70484298e-01, 2.34955717e-02, -1.00094475e-01, -7.70807937e-02,
       1.93313882e-02, -2.70270538e-02, -5.14711589e-02, 7.54651474e-03,
       3.69183749e-01, 1.56524871e-02, -9.62267816e-02, -6.80167004e-02,
       -3.48805524e-02, -5.94808906e-02, -6.28340766e-02, 3.29384208e-02,
       5.34940809e-02, -3.39288674e-02, -5.10434806e-02, -3.86851542e-02,
       -1.81079656e-02, -3.73130441e-02, -4.47175018e-02,
       -1.94665845e-02, 9.43985768e-03, -2.09310576e-02, -5.55905141e-02,
       -7.95205832e-02, -5.17981686e-02, -3.31667848e-02,
       -2.21201573e-02, -1.99631825e-02, 1.83494806e-01, -2.03378052e-02,
       -1.38565347e-01, -1.54979572e-01, -7.90152252e-02,
       -5.27300946e-02, -5.84079102e-02, -3.04528754e-02, 2.23390773e-01,
       -5.92703037e-02, -1.27027735e-01, -8.94430727e-02,
       -9.55124572e-02, -1.08396143e-01, -7.92106465e-02,
       -2.57518068e-02, 4.06891219e-02, -3.94600928e-02, -4.31358144e-02,
       -4.64865789e-02, -5.26995063e-02, -6.04665391e-02,
       -4.87801656e-02, -3.97483893e-02, 9.53005534e-03, -1.30673656e-02,
       -1.91197507e-02, -3.55244167e-02, -5.20827100e-02,
       -7.46411085e-02, -5.86836636e-02, -2.94679534e-02, 1.82299584e-01,
       -2.63716988e-02, -5.75290956e-02, -5.18503487e-02,
       -8.18158537e-02, -1.62867710e-01, -1.38006970e-01,
       -2.16169711e-02, 2.19502002e-01, -2.60574520e-02, -7.92618468e-02,
       -1.08462989e-01, -9.50661898e-02, -9.40747112e-02,
       -1.22446626e-01, -5.42789735e-02, 3.94723490e-02, -4.00242619e-02,
       -5.24614230e-02, -6.67375997e-02, -5.35203852e-02,
       -4.56080697e-02, -4.13576961e-02, -3.97403091e-02, 1.57995131e-02,
       -2.23628972e-02, -2.91664805e-02, -1.83150973e-02, 5.28057804e-04,
       -3.42674367e-02, -4.54596914e-02, -1.99837424e-02, 2.70427316e-01,
       8.60233698e-03, -4.99906540e-02, -2.70371027e-02, 1.39051564e-02,
       -8.08925256e-02, -9.74479616e-02, 2.62185838e-02, 3.65231633e-01,
       3.71101201e-02, -5.89950979e-02, -5.65206297e-02, -3.71363126e-02,
       -7.61793703e-02, -1.03550844e-01, 2.03195065e-02, 5.27549423e-02,
       -1.44551760e-02, -3.77262495e-02, -3.81017216e-02,
       -2.06285529e-02, -4.21010181e-02, -5.64553961e-02,
       -3.60961072e-02, 2.18401570e-02, -9.37978253e-02, -1.29394293e-01,
       -3.20896208e-02, 9.34349820e-02, 2.55253632e-02, 1.61361054e-03,
       1.51517307e-02, -4.34030928e-02, -1.83719307e-01, -1.39300793e-01,
       3.23254056e-02, 2.42972821e-01, 7.14850202e-02, 2.00014822e-02,
       1.42855169e-02, 6.01103567e-02, -1.16807491e-01, -5.86306751e-02,
       2.84024850e-02, 1.23480588e-01, 4.89311591e-02, 9.72320512e-03,
       1.43229570e-02, 2.63110064e-02, -1.62812304e-02, -1.26800891e-02,
       2.90690754e-02, 8.45487639e-02, 2.09073573e-02, -1.79049503e-02,
       -1.34144193e-02, 3.79593670e-02, -5.67100458e-02, -1.06965028e-01,
       -3.25114466e-02, 9.64902341e-02, -1.46436058e-02, -3.71422581e-02,
       -2.34504952e-03, -5.07535599e-02, -1.74335957e-01,
       -1.46629095e-01, 5.85725866e-02, 2.62314379e-01, 4.01975773e-02,
       -8.93303379e-03, -9.10417177e-03, -5.23190908e-02,
       -1.66406766e-01, -7.36782998e-02, 5.95405288e-02, 1.91613585e-01,
       9.15162936e-02, -4.67579439e-03, -4.99611311e-02, -1.11877341e-02,
       -3.01341414e-02, -2.04955675e-02, 4.05503176e-02, 1.28310904e-01,
       4.15213108e-02, -2.68693473e-02, -2.44369954e-02, 3.44802588e-02,
       1.02604763e-03, -2.01385077e-02, 1.96972974e-02, 1.07229188e-01,
       -5.78040406e-02, -1.23498015e-01, -6.48005530e-02,
       -3.49910818e-02, -2.79951515e-03, 5.56626916e-03, 8.36214647e-02,
       2.75270224e-01, 6.67596282e-03, -1.87102482e-01, -1.83481440e-01,
       -4.54674922e-02, -3.07841487e-02, 3.12957718e-06, 9.75028276e-02,
       1.92224488e-01, 4.16777097e-02, -1.08295299e-01, -1.89732820e-01,
       4.85988945e-04, -2.51119211e-02, -3.22552025e-02, 4.23596129e-02,
       1.31676733e-01, 3.57043110e-02, -1.97112765e-02, -3.37079614e-02,
       1.09880799e-02, 8.19536392e-03, 3.21847317e-03, 4.07136679e-02,
       1.05091318e-01, -3.01357489e-02, -1.21979736e-01, -9.05789733e-02,
       -3.46694551e-02, 1.18316682e-02, 1.71321854e-02, 7.84745291e-02,
       2.57478952e-01, 2.82095801e-02, -1.38243064e-01, -1.70744419e-01,
       1.02525815e-01, 2.26181801e-02, 7.13433139e-03, 4.64836508e-02,
       1.22570202e-01, 2.29836777e-02, -7.04813302e-02, -1.01425678e-01,
       4.30683047e-02, -5.55137638e-03, -1.73922013e-02, 2.41767932e-02,
       8.54556784e-02, 2.39426270e-02, -1.89012140e-02, -1.43890539e-02,
       -1.57437697e-02, 4.19208296e-02, 7.30118826e-02, 4.10970487e-03,
       -1.03431486e-01, -8.18308666e-02, -8.15774594e-03,
       -3.32585769e-03, -2.09442064e-01, 1.18833873e-02, 1.16245560e-01,
       4.47367318e-02, -1.08599842e-01, -5.38461730e-02, 8.14178772e-03,
       -4.90404665e-02, -3.05769533e-01, -2.44153477e-02, 9.22679678e-02,
       4.33401130e-02, -2.01464482e-02, 8.71377904e-03, 1.84329208e-02,
       -7.62935653e-02, -6.43878952e-02, 1.12698572e-02, 3.64990942e-02,
       5.61260106e-03, -2.18017306e-02, -5.45833573e-05, 9.35674924e-03,
       -1.28142545e-02, -3.08270548e-02, 6.54195622e-02, 1.54183939e-01,
       1.22736476e-01, -6.06725551e-02, -1.38090998e-01, -7.77644143e-02,
       -3.56011353e-02, -1.39337048e-01, 1.02190360e-01, 2.49657065e-01,
