%YAML:1.0
e_vectors: !!opencv-matrix
   rows: 28
   cols: 128
   dt: f
   data: [ 2.82031819e-02, 2.59419587e-02, 1.49708325e-02,
       9.32429545e-03, -8.74936860e-03, -2.82111466e-02, -1.51981059e-02,
       -5.81016578e-03, 1.48736238e-01, 3.94572355e-02, -1.85214411e-02,
       -5.48491776e-02, -1.13173321e-01, -3.46808061e-02, 1.24002025e-02,
       6.85654432e-02, -1.15782551e-01, -4.55917530e-02, -3.95240216e-03,
       1.27962688e-02, 4.13553454e-02, 4.54486124e-02, 3.35517451e-02,
       -1.03806490e-02, -4.22313660e-02, 1.77399591e-02, 2.98775844e-02,
       3.04660983e-02, 2.08967607e-02, 9.98984557e-03, 3.15799564e-03,
       -2.06945240e-02, 7.07038939e-02, 1.41814668e-02, -5.16986148e-03,
       -6.93011750e-03, -1.15557825e-02, -3.06849219e-02,
       -2.92602088e-02, -7.80327199e-03, 2.96318352e-01, 1.92294512e-02,
       -1.11900151e-01, -2.06226304e-01, -2.44371131e-01,
       -6.88826889e-02, 4.98953313e-02, 1.84267879e-01, -2.58547574e-01,
       -1.75014958e-01, -5.82369156e-02, 3.56188901e-02, 1.50731236e-01,
       1.53346732e-01, 1.06719211e-01, 7.54361413e-03, -8.67152661e-02,
       2.12988071e-02, 4.22989093e-02, 3.83023396e-02, 3.02082896e-02,
       2.97762323e-02, 2.77217012e-02, 2.26812228e-03, 7.07948506e-02,
       9.46904416e-04, -2.50783879e-02, -3.02464794e-02, -1.27990395e-02,
       -1.32558227e-03, -6.76355371e-03, 3.16228950e-03, 2.97531068e-01,
       1.88311055e-01, 5.22471294e-02, -6.49362057e-02, -2.41981849e-01,
       -2.10697010e-01, -1.16502360e-01, 1.47995139e-02, -2.58178622e-01,
       7.03272037e-03, 1.06629655e-01, 1.53955042e-01, 1.51581019e-01,
       3.10804658e-02, -5.78093529e-02, -1.73618689e-01, -8.54447410e-02,
       1.02480082e-03, 2.35226713e-02, 2.46801972e-02, 3.10976487e-02,
       4.19736654e-02, 4.19340096e-02, 1.76348649e-02, 2.60507371e-02,
       -7.56848929e-03, -1.75815411e-02, -2.97842957e-02,
       -6.14825217e-03, 1.81055702e-02, 1.77464765e-02, 1.97207462e-02,
       1.50968149e-01, 7.23225474e-02, 1.14284987e-02, -3.53419781e-02,
       -1.12881385e-01, -5.31754196e-02, -1.82176419e-02, 3.76275815e-02,
       -1.12619326e-01, -6.80999784e-03, 3.66020314e-02, 4.57420200e-02,
       4.03561182e-02, 8.78600311e-03, -7.90009182e-03, -4.45052236e-02,
       -4.11686525e-02, -1.75782107e-02, 4.88195522e-03, 9.01066605e-03,
       1.88998021e-02, 2.90474612e-02, 2.40995754e-02, 1.32200485e-02,
       2.17725281e-02, -1.83907710e-02, -5.36312610e-02, -4.49370667e-02,
       -7.78609956e-06, -1.42911309e-02, -2.59647872e-02,
       -2.08788160e-02, 2.77378231e-01, 2.18359381e-02, -9.86172780e-02,
       -8.02940279e-02, -6.98550465e-03, -3.25184837e-02,
       -4.96096089e-02, 8.21708236e-03, 3.57536018e-01, 1.19703347e-02,
       -9.29759666e-02, -7.14558885e-02, -4.91761491e-02,
       -6.21422455e-02, -6.32225126e-02, 3.54394168e-02, 4.91847172e-02,
       -3.56039889e-02, -5.24822883e-02, -4.19648886e-02,
       -2.03885175e-02, -3.49672846e-02, -4.22094837e-02,
       -1.79784391e-02, 1.57358125e-02, -2.38423441e-02, -5.97760193e-02,
       -8.09490681e-02, -4.76229824e-02, -3.32070552e-02,
       -2.18542740e-02, -1.57796424e-02, 1.79781243e-01, -1.92260314e-02,
       -1.21295102e-01, -1.39221430e-01, -8.20514709e-02,
       -5.32711372e-02, -6.01950958e-02, -3.60797979e-02, 2.39868000e-01,
       -4.21004593e-02, -1.11227125e-01, -9.24170613e-02,
       -1.11639112e-01, -1.18540049e-01, -8.76083598e-02,
       -2.18743421e-02, 3.94572616e-02, -3.99666056e-02, -4.70539853e-02,
       -5.24152070e-02, -5.22251017e-02, -6.13777898e-02,
       -5.29119149e-02, -3.94615903e-02, 1.46993594e-02, -1.10329157e-02,
       -1.96127277e-02, -3.81134376e-02, -4.74545136e-02,
       -7.22333342e-02, -5.96456826e-02, -2.96914317e-02, 1.80689752e-01,
       -3.41292582e-02, -6.13666438e-02, -5.23842312e-02,
       -8.19469020e-02, -1.44014135e-01, -1.21713042e-01,
       -1.95781142e-02, 2.39420727e-01, -2.34641749e-02, -9.00329053e-02,
       -1.19469583e-01, -1.09857857e-01, -9.47017074e-02,
       -1.08441733e-01, -3.82665358e-02, 4.07428369e-02, -4.06338386e-02,
       -5.75014688e-02, -6.91363439e-02, -5.10444418e-02,
       -4.91193645e-02, -4.57750447e-02, -4.05592211e-02, 2.00098436e-02,
       -2.00340282e-02, -2.79720649e-02, -1.96594540e-02, 1.59348210e-03,
       -3.62261496e-02, -4.68854606e-02, -1.99713856e-02, 2.75415629e-01,
       8.68412852e-03, -5.07653803e-02, -3.23722027e-02, -4.47167829e-03,
       -7.92802647e-02, -9.33333561e-02, 2.42384579e-02, 3.57072771e-01,
       4.00078669e-02, -6.26168326e-02, -6.02211207e-02, -4.67101522e-02,
       -7.61032030e-02, -9.95619893e-02, 1.32676493e-02, 5.05239293e-02,
       -1.33192595e-02, -3.89231667e-02, -3.52205299e-02,
       -2.01773290e-02, -4.45404127e-02, -5.90386912e-02,
       -3.92268300e-02, 2.28863005e-02, -1.06036954e-01, -1.37425870e-01,
       -1.96507592e-02, 1.38765171e-01, 3.54312249e-02, -6.86732680e-03,
       8.28084629e-03, 7.19727296e-03, -1.75612971e-01, -1.43820673e-01,
       2.25355476e-02, 2.37504318e-01, 6.87023029e-02, 6.42969459e-03,
       1.73825268e-02, 9.11381245e-02, -1.00257173e-01, -6.58821464e-02,
       1.41434716e-02, 1.16524704e-01, 4.17014882e-02, -3.25664296e-03,
       1.41005907e-02, 2.52754129e-02, -1.54257426e-02, -1.72260273e-02,
       3.19429077e-02, 1.06360845e-01, 2.11545695e-02, -2.94717290e-02,
       -2.53247675e-02, 3.81769650e-02, -7.53309578e-02, -1.30257264e-01,
       -3.15363929e-02, 1.52434528e-01, 3.51311313e-03, -4.13270444e-02,
       -6.00311812e-03, -1.72563922e-02, -1.83570489e-01,
       -1.70015678e-01, 2.27494594e-02, 2.59380579e-01, 4.83773351e-02,
       -1.27740614e-02, -3.04430141e-03, -4.94143181e-02,
       -1.67524830e-01, -8.18562284e-02, 5.08380197e-02, 1.85378924e-01,
       8.13543499e-02, -1.31322602e-02, -4.90271784e-02, -1.37206251e-02,
       -3.01699825e-02, -1.79146733e-02, 5.05641215e-02, 1.51495606e-01,
       3.85448374e-02, -3.82251069e-02, -3.65301296e-02, 3.60959359e-02,
       -8.46245512e-03, -3.52271236e-02, 1.38542783e-02, 1.51062772e-01,
       -4.17872220e-02, -1.27407804e-01, -6.98215142e-02,
       -2.44384240e-02, -1.46840373e-03, -7.53367273e-03, 5.63402586e-02,
       2.56739289e-01, 1.34624317e-02, -1.66573182e-01, -1.75756186e-01,
       -5.90711795e-02, -4.14064564e-02, -1.90523744e-03, 9.05253962e-02,
       1.83944911e-01, 4.07704078e-02, -8.51833150e-02, -1.63351893e-01,
       -1.21964030e-02, -3.30549330e-02, -3.39007527e-02, 4.47704419e-02,
       1.49033502e-01, 4.16515060e-02, -1.81017909e-02, -3.03859506e-02,
       1.83158927e-02, 2.31884071e-03, -6.24010013e-03, 3.53405103e-02,
       1.32539868e-01, -2.32603960e-02, -1.21227734e-01, -9.28713381e-02,
       -1.59469564e-02, 8.89888871e-03, 7.66037684e-03, 6.65065572e-02,
       2.34048426e-01, 2.28746403e-02, -1.25947163e-01, -1.60813853e-01,
       7.61777759e-02, 1.06032863e-02, -8.35317187e-05, 4.28519510e-02,
       1.16724417e-01, 1.85138378e-02, -6.07618317e-02, -9.20883566e-02,
       3.03403083e-02, -2.25970615e-02, -2.82665286e-02, 2.22730394e-02,
       1.04152240e-01, 2.92734578e-02, -1.41996378e-02, -1.21076489e-02,
       2.74578873e-02, -3.42928022e-02, -6.65349066e-02, -1.72805134e-02,
       8.01546052e-02, 6.83347732e-02, 8.13376904e-03, 7.71744456e-03,
       2.14411795e-01, -4.00782702e-03, -1.15761526e-01, -6.09647445e-02,
       7.97404647e-02, 4.21532318e-02, -9.67374630e-03, 4.92094494e-02,
       2.87099928e-01, 2.56936029e-02, -9.22765136e-02, -5.10273613e-02,
       1.27711073e-02, -6.62146183e-03, -1.94343571e-02, 6.04171641e-02,
       5.53176031e-02, -1.15554519e-02, -3.79638635e-02, -6.29434222e-03,
       3.27097327e-02, 9.15852282e-03, -1.07781338e-02, 2.44924845e-03,
       4.26792204e-02, -5.74564189e-02, -1.41071692e-01, -1.32350504e-01,
       3.36360708e-02, 1.28618330e-01, 7.92646185e-02, 4.29294221e-02,
       1.35679871e-01, -8.70132819e-02, -2.33245581e-01, -2.07489043e-01,
