%YAML:1.0
e_vectors: !!opencv-matrix
   rows: 28
   cols: 128
   dt: f
   data: [ -8.25918838e-03, -3.94754186e-02, -5.30144945e-02,
       -4.32631224e-02, -1.85922347e-02, -1.31929889e-02,
       -2.47296914e-02, -2.26549469e-02, 2.42499843e-01, -6.14696089e-03,
       -6.36382848e-02, -5.68640642e-02, -4.89207879e-02,
       -3.55898067e-02, -4.67685759e-02, -3.22003067e-02, 3.45194697e-01,
       1.73923168e-02, -5.11266030e-02, -5.57828955e-02, -9.60743055e-02,
       -6.61657229e-02, -6.72802553e-02, -1.94185004e-02, 3.59411314e-02,
       -3.95960584e-02, -4.19797860e-02, -4.24320474e-02,
       -5.50310500e-02, -4.36847955e-02, -5.08581065e-02,
       -3.48266065e-02, -2.38057747e-02, -4.06621099e-02,
       -5.86415641e-02, -6.32239729e-02, -4.50193137e-02,
       -2.89900303e-02, -1.94944404e-02, -1.63774323e-02, 1.29699826e-01,
       -3.28852870e-02, -5.30163124e-02, -4.54294831e-02,
       -3.38704959e-02, -3.95794697e-02, -7.19798282e-02,
       -9.76907760e-02, 3.28966886e-01, 2.16404274e-02, -4.60469648e-02,
       -7.69914761e-02, -1.62430719e-01, -1.42015234e-01,
       -1.07735194e-01, -5.25740199e-02, 5.24835885e-02, -3.95455435e-02,
       -5.50193563e-02, -6.25682473e-02, -8.00372586e-02,
       -6.58461750e-02, -6.45728782e-02, -5.33452369e-02,
       -2.78911050e-02, -1.49405766e-02, -1.67390425e-02,
       -3.57785746e-02, -4.64411601e-02, -5.90151958e-02,
       -5.43895103e-02, -4.18518707e-02, 1.27079219e-01, -1.03844061e-01,
       -7.29108006e-02, -4.08951454e-02, -3.40445489e-02,
       -4.29305620e-02, -4.92429882e-02, -2.74556596e-02, 3.29978138e-01,
       -5.68186454e-02, -1.12892427e-01, -1.42295048e-01,
       -1.57646969e-01, -8.00176188e-02, -4.86909114e-02, 2.87914481e-02,
       5.44171147e-02, -5.08346446e-02, -6.95988983e-02, -7.41741657e-02,
       -7.45486692e-02, -6.17551021e-02, -5.24426699e-02,
       -3.56877968e-02, -2.43002083e-03, -2.23915316e-02,
       -2.56099142e-02, -2.02229787e-02, -2.24069543e-02,
       -4.35198434e-02, -5.08601069e-02, -3.17875072e-02, 2.45875493e-01,
       -3.43294442e-02, -5.32539338e-02, -4.14377861e-02,
       -3.98058519e-02, -5.12066111e-02, -6.00984804e-02, 6.96856948e-03,
       3.41724634e-01, -2.72174533e-02, -7.58332238e-02, -6.77225590e-02,
       -8.37233439e-02, -5.75412177e-02, -5.43982759e-02, 2.78635044e-02,
       3.34971510e-02, -3.68753299e-02, -5.35456128e-02, -4.36452515e-02,
       -4.91503701e-02, -4.48497497e-02, -4.51944992e-02,
       -3.18009034e-02, 6.57335669e-02, 1.92321148e-02, -9.58075933e-03,
       -2.47998759e-02, -5.34225516e-02, -5.59594408e-02,
       -3.18104103e-02, -1.06722042e-02, 2.76875079e-01, 4.38151807e-02,
       -3.09746880e-02, -7.30831325e-02, -1.19909808e-01,
       -5.54201826e-02, -1.67653207e-02, 6.08950295e-02, -7.73898587e-02,
       -5.58447093e-02, -9.94950533e-03, 2.04554948e-04, 5.56836016e-02,
       2.77046207e-02, -1.98703795e-03, -5.50045148e-02, -6.35984913e-02,
       -5.95559133e-03, 1.28755234e-02, 1.13884620e-02, -9.11553763e-03,
       -1.86875425e-02, -2.75897011e-02, -4.51657400e-02, 1.00338422e-01,
       -2.35330220e-03, -2.71647964e-02, -4.11234125e-02,
       -5.88517375e-02, -6.04368858e-02, -3.70897241e-02,
       -1.42608434e-02, 3.49954009e-01, 1.91086493e-02, -7.67214820e-02,
       -1.50933668e-01, -2.13995963e-01, -9.48074758e-02, 1.15382569e-02,
       1.57267272e-01, -1.89470217e-01, -1.31385416e-01, -1.78888254e-02,
       3.14780846e-02, 1.40906423e-01, 1.14501968e-01, 5.60728349e-02,
       -4.26804125e-02, -9.86166000e-02, -2.57543474e-03, 2.10664403e-02,
       2.49721436e-03, -2.31616385e-02, -2.29834877e-02, -1.38920862e-02,
       -3.37139219e-02, 1.00869894e-01, -1.47689292e-02, -3.72036286e-02,
       -4.96063866e-02, -5.69268391e-02, -4.95329723e-02,
       -2.17471495e-02, -5.43950591e-03, 3.54350030e-01, 1.56645685e-01,
       1.25166401e-02, -8.41872618e-02, -2.12634563e-01, -1.65021077e-01,
       -8.10491294e-02, 1.57921761e-02, -1.87997997e-01, -3.93483639e-02,
       5.46615906e-02, 1.09993175e-01, 1.34632736e-01, 3.38406451e-02,
       -1.67098660e-02, -1.30654573e-01, -1.00895002e-01,
       -3.04435194e-02, -1.57864355e-02, -2.95691229e-02,
       -2.18305103e-02, 1.01632383e-02, 1.94260832e-02, -2.62833457e-03,
       6.76043183e-02, -1.45138111e-02, -3.32420804e-02, -4.45550419e-02,
       -4.26061451e-02, -3.38008180e-02, -4.25679097e-03, 2.09073294e-02,
       2.78826863e-01, 5.39106503e-02, -2.02186555e-02, -5.55507019e-02,
       -1.15723252e-01, -7.89585486e-02, -3.61672156e-02, 4.98751476e-02,
       -7.55170509e-02, -5.48473001e-02, 2.61736079e-03, 2.56037638e-02,
       5.22273257e-02, 3.01249116e-03, -1.06671406e-02, -5.36633655e-02,
       -6.43508211e-02, -4.51886170e-02, -1.98176019e-02,
       -1.97117068e-02, -8.98676459e-03, 1.47178229e-02, 5.30447625e-03,
       -7.89971184e-03, 4.53013368e-02, -5.13382964e-02, -8.13931227e-02,
       2.26099114e-03, 1.68258086e-01, 5.02233543e-02, -2.72833072e-02,
       -8.96203890e-03, 7.98521116e-02, -7.74702355e-02, -7.80478641e-02,
       1.43759288e-02, 1.74425885e-01, 4.43815626e-02, -4.42407727e-02,
       -2.60991473e-02, 5.68500645e-02, -4.42451052e-02, -3.79558317e-02,
       2.22475585e-02, 1.84154600e-01, 3.56716141e-02, -8.70076492e-02,
       -9.17591304e-02, 1.14693671e-01, 1.89858619e-02, -1.52405556e-02,
       6.21636072e-03, 7.40876868e-02, -3.24525125e-02, -9.97792631e-02,
       -3.74017730e-02, 5.09354733e-02, -5.23640066e-02, -8.94768238e-02,
       1.00366678e-02, 2.11850405e-01, 5.39277866e-02, -2.50609349e-02,
       -1.63311567e-02, 2.56238636e-02, -1.08084120e-01, -1.15024261e-01,
       1.09064654e-02, 2.09859714e-01, 6.09809682e-02, -4.51350585e-02,
       -4.65594530e-02, -6.77659512e-02, -1.05897777e-01,
       -6.87102228e-02, 4.06705812e-02, 2.66689271e-01, 9.19530094e-02,
       -9.28140283e-02, -1.37944743e-01, 1.35201216e-01, 1.18124187e-02,
       -4.72424552e-02, -1.96179282e-02, 6.76083192e-02, -4.64327000e-02,
       -1.06782041e-01, -1.87242143e-02, 3.99072915e-02, -4.21370231e-02,
       -4.69120219e-02, 2.79572085e-02, 2.05165267e-01, 3.43469493e-02,
       -6.28924295e-02, -2.76388861e-02, 1.71233981e-03, -7.32390881e-02,
       -6.74030930e-02, 2.35871952e-02, 2.03837588e-01, 5.71819581e-02,
       -8.68669078e-02, -7.47528225e-02, -6.41070977e-02,
       -1.59369215e-01, -1.18862867e-01, 6.52438700e-02, 2.65781760e-01,
       6.73960894e-02, -4.79480959e-02, -6.90347478e-02, 1.46099105e-01,
       -4.25973013e-02, -1.45637110e-01, -8.07955414e-02, 6.17588162e-02,
       3.68256151e-04, -2.93114632e-02, 3.03134210e-02, 4.22353782e-02,
       -2.27421597e-02, -3.38900164e-02, 3.47127654e-02, 1.58679441e-01,
       1.03337104e-02, -6.25484958e-02, -2.69377753e-02, 5.96031323e-02,
       -5.57018481e-02, -5.18619008e-02, 2.71710623e-02, 1.71441063e-01,
       2.31846254e-02, -6.41043559e-02, -2.79258266e-02, 5.50460629e-02,
       -1.31354332e-01, -1.27319112e-01, 1.75168924e-02, 1.82755649e-01,
       4.44519445e-02, -1.87999438e-02, 6.78936066e-03, 1.20667621e-01,
       -6.26312420e-02, -1.26304463e-01, -4.88337539e-02, 7.34502077e-02,
       1.81082729e-02, -1.01934159e-02, 2.34636609e-02, 4.62864935e-02,
       1.90156531e-02, -9.34036076e-03, 2.15653032e-02, 1.80899277e-02,
       -3.02148648e-02, -2.56864708e-02, -3.96839157e-03, 2.29540318e-01,
       6.31765947e-02, -5.50744450e-03, 6.97622122e-03, -1.67632308e-02,
       -4.59095202e-02, -6.62851110e-02, 1.63188297e-02, 1.67390883e-01,
       2.19166763e-02, -9.65716410e-03, 3.83286253e-02, 8.10116231e-02,
       -3.09455171e-02, -8.84691030e-02, -3.76776196e-02,
       -1.29511626e-02, -2.07444672e-02, -4.57352959e-03, 6.80448338e-02,
       1.30634472e-01, 1.03082995e-04, -6.89193085e-02, -5.21134101e-02,
       2.42025126e-02, 4.88844374e-03, 6.88983500e-03, 4.34412509e-02,
       2.43740883e-02, -6.16162308e-02, -3.78427878e-02, -1.37520684e-02,
